1.253436175467494849e+02
1.597499148300540739e-01
1.574665867301457689e-01
1.704078093327268673e-01
1.842216020010914723e-01
1.974311252990731957e-01
2.097863273014670682e-01
2.212900993783807613e-01
2.320060505948024765e-01
2.420084931367447179e-01
2.513681107791068681e-01
2.601482028210092001e-01
2.684043024149121437e-01
2.761848457708974136e-01
2.835320951381040677e-01
2.904830416544436633e-01
2.970702032626568734e-01
3.033223021743740588e-01
3.092648305938078268e-01
3.152377497177045740e-01
