1.484620782673147787e-01
4.395556673325264341e-01
3.693969032503510164e-01
3.417018749543039302e-01
3.452830782338804916e-01
3.551626315551369983e-01
3.656197605707926512e-01
3.754186386687394794e-01
3.842695972692857787e-01
3.921612480505680676e-01
3.991684509188668240e-01
4.053878708993481350e-01
4.109152265188422692e-01
4.158376455530928828e-01
4.202319281264131345e-01
4.241648617356201800e-01
4.276940982533546376e-01
4.308692216673136177e-01
4.337328487654127374e-01
4.363216803129903454e-01
4.386674106175310617e-01
4.407974909889278425e-01
4.427357687632907379e-01
4.445030213572255251e-01
4.461174031926040118e-01
4.475948212550976968e-01
4.489492517228151902e-01
4.501930073555237000e-01
4.513369636446832867e-01
4.523907505419742514e-01
4.533629154654504889e-01
4.542610623340201381e-01
