1.492034590040810793e-01
4.417520929760679893e-01
3.764578936286712696e-01
3.441917402194950015e-01
3.505552943181017289e-01
3.617797454880362640e-01
3.734116026362256369e-01
3.842888130290196269e-01
3.941455855909705708e-01
4.029796630434432925e-01
4.108720460515465356e-01
4.179241765695217437e-01
4.242357937786787048e-01
4.298974840729850033e-01
4.349890530171809377e-01
4.395800914008777815e-01
4.437308846450741528e-01
4.474931802238603096e-01
4.509121816662224336e-01
4.540268913904291215e-01
4.568706182498094015e-01
4.594726289433742061e-01
4.618584266644532033e-01
4.640503063158044617e-01
4.660678260232953840e-01
4.679281967774476803e-01
4.696466078104820641e-01
4.712364997761746555e-01
4.727097962937167330e-01
4.740771016209882061e-01
4.753478697896805771e-01
4.765305494075152137e-01
