1.445026372540074988e-01
4.278182683543790277e-01
3.513856659589085218e-01
3.112018097115136217e-01
3.089151902619186596e-01
3.130742651783172681e-01
3.183761812972097371e-01
3.235069846414270756e-01
3.281071174063234785e-01
3.321170880478044873e-01
3.355745397795377172e-01
3.385434621649838216e-01
3.410909004701420111e-01
3.432792873700802327e-01
3.451633473665261520e-01
3.467897409336492820e-01
3.481977983463683812e-01
3.494205380073606149e-01
3.504856404138571579e-01
3.514162981042663336e-01
3.522319590546966750e-01
3.529489716025990820e-01
3.535811186142011064e-01
3.541400503115670340e-01
3.546356387178246639e-01
3.550762709844964005e-01
3.554690924401314733e-01
3.558202075926592545e-01
3.561348464412896764e-01
3.564175024460172203e-01
3.566720452301992972e-01
3.569018065320520572e-01
