1.473558604009748974e-01
4.362778720681974587e-01
3.644446143495709833e-01
3.354248234554499386e-01
3.367575510456976562e-01
3.450249831039393644e-01
3.540336018469025237e-01
3.625082867364248229e-01
3.701387920122513053e-01
3.769005543807174563e-01
3.828586535307409999e-01
3.881021538072486066e-01
3.927206176637015878e-01
3.967957454823606289e-01
4.003993201142169722e-01
4.035936395616807615e-01
4.064324377122073839e-01
4.089617604842333831e-01
4.112209715888199280e-01
4.132437844533883298e-01
4.150591529006549818e-01
4.166920115606899677e-01
4.181638921600099312e-01
4.194934373847184483e-01
4.206968308774415299e-01
4.217881584026535458e-01
4.227797116782650577e-01
4.236822441639367942e-01
4.245051867250820843e-01
4.252568299060905388e-01
4.259444784342117374e-01
4.265745825758882059e-01
