0.000000000000000000e+00
0.000000000000000000e+00
0.000000000000000000e+00
0.000000000000000000e+00
0.000000000000000000e+00
0.000000000000000000e+00
0.000000000000000000e+00
0.000000000000000000e+00
1.949725507902712218e-07
3.610257922025170473e-08
1.530480041318286436e-05
2.020952905869961723e-08
3.947006356381451382e-06
3.528756000246153012e-07
6.836708778518040679e-06
6.346284714324291376e-07
1.047960110191338620e-05
4.696570153238566512e-07
1.787707827243255714e-05
4.681665508107531710e-07
1.047960110191338620e-05
4.696570153238566512e-07
1.787700281686691636e-05
4.681616642220936591e-07
0.000000000000000000e+00
0.000000000000000000e+00
5.980849719645884668e-07
7.279568053618973866e-08
6.993322969086662078e-07
6.322218243308858820e-08
4.129412807713350172e-06
4.537696444939764843e-07
4.254353088407575691e-06
4.678719041891625128e-07
4.802744096377326986e-07
1.431430355914277104e-08
