0.000000000000000000e+00
0.000000000000000000e+00
0.000000000000000000e+00
0.000000000000000000e+00
0.000000000000000000e+00
0.000000000000000000e+00
0.000000000000000000e+00
0.000000000000000000e+00
1.858614911479458320e-08
5.640414324051574912e-08
1.513670825859412072e-06
1.676341614401776228e-06
6.479328181119859189e-07
3.176084161764738696e-08
7.579287422133438302e-07
1.605396661428309171e-06
1.178985802231119520e-06
3.142764992575702740e-05
1.541824011286895528e-06
8.859248138224004320e-08
1.178985802231119520e-06
3.142764992575702740e-05
1.541818881062019741e-06
8.859157141400537461e-08
0.000000000000000000e+00
0.000000000000000000e+00
1.094710274541375419e-07
8.678533736767132419e-09
1.818029046479128119e-07
7.343301830439321154e-09
2.795076249772147887e-06
2.792250467745037825e-06
1.000000000000000000e+00
1.000000000000000000e+00
5.732113474598379329e-08
1.553134734529973737e-08
