2.988366430627080490e+02
3.292001874544945306e-01
2.340143508554076712e-01
2.468555835821774347e-01
2.582674158583627144e-01
2.677648809316670042e-01
2.765758858738991965e-01
2.848229268653164059e-01
2.924304932530981671e-01
2.994294239411500747e-01
3.058729939542890186e-01
3.118803044152601012e-01
3.177591456591807306e-01
3.237742679105737320e-01
3.296345722448894011e-01
3.349680749566405491e-01
3.398613178110477806e-01
3.444291974054093930e-01
3.487247747994652314e-01
3.527787352269994847e-01
3.566135251265965533e-01
3.602475995280494114e-01
3.636968766190484814e-01
3.669753857013779430e-01
3.700956348889982150e-01
3.730688512510929589e-01
3.759051511251352840e-01
3.786136753530483512e-01
3.812027083701651220e-01
3.836797845599055901e-01
3.860517798685961788e-01
3.883249886632190728e-01
3.905051880378487827e-01
3.925976924067518525e-01
3.946074012545413012e-01
3.965388423959667064e-01
3.983962111176782561e-01
4.001834027949618955e-01
4.019040360309495963e-01
4.035614684986191802e-01
4.051588165960126608e-01
4.066989910001856945e-01
4.081847437035811543e-01
4.096186972450559516e-01
4.110033290763868696e-01
4.123409413969736925e-01
4.136336711791264165e-01
4.148835253370649068e-01
4.160923667553929617e-01
4.172619563436055778e-01
4.183939990288633726e-01
4.194901253296286492e-01
4.205518659250837010e-01
4.215806490671331064e-01
4.225778094974912968e-01
4.235445941625677890e-01
4.244821866765892682e-01
4.253917384137359536e-01
4.262743624091134276e-01
4.271311123962434064e-01
4.279629760496539981e-01
4.287708817401690298e-01
4.295557136161048395e-01
4.303413854856423804e-01
