2.986961177415468001e+02
3.300343332335368141e-01
2.384887504614361664e-01
2.532913678334310359e-01
2.619517273630815324e-01
2.703076715825893372e-01
2.789664991714843612e-01
2.869686240686617484e-01
2.943559419549667822e-01
3.016775529053122296e-01
3.094722477610862277e-01
3.172043731406654632e-01
3.241196786479332292e-01
3.303811016490332264e-01
3.361974965828436468e-01
3.416612882454533873e-01
3.468026048696630226e-01
3.516425704600833479e-01
3.562126884716408370e-01
3.605387858313174321e-01
3.646415937176620270e-01
3.685388753029330000e-01
3.722463119928560715e-01
3.757779542208534718e-01
3.791464738451949534e-01
3.823632920787716771e-01
3.854386643320484307e-01
3.883817909809554325e-01
3.912009739156511734e-01
3.939037793159205214e-01
3.964971530013327583e-01
3.989874871877199247e-01
4.013806678855538768e-01
4.036821204680701158e-01
4.058968589169967833e-01
4.080295385303883138e-01
4.100845030875761021e-01
4.120658132119067729e-01
4.139772553122165188e-01
4.158223463146863974e-01
4.176043475370909697e-01
4.193262880699785145e-01
4.209909909061110844e-01
4.226010963078793425e-01
4.241590805861753521e-01
4.256672708996468990e-01
4.271278573462540806e-01
4.285429033366048301e-01
4.299143548154460981e-01
4.312440486249743410e-01
4.325337201701505152e-01
4.337850104831386666e-01
4.349994727512609405e-01
4.361785783590523824e-01
4.373237224943552492e-01
4.384362293553974443e-01
4.395173568812115183e-01
4.405683005407474151e-01
4.415901954766614512e-01
4.425841185834988312e-01
4.435510946163319645e-01
4.444921037000523212e-01
4.454080830835005500e-01
4.462999264367604746e-01
4.471684849363080638e-01
4.480145686132068206e-01
4.488389471724789637e-01
4.496423506735185427e-01
4.504254728593150570e-01
4.511889806097384437e-01
4.519335266570670417e-01
4.526597548937221216e-01
4.533682905628717008e-01
4.540597224922594544e-01
4.547345956251164778e-01
4.553934209800100108e-01
4.560366897295639044e-01
4.566648791233544613e-01
4.572784518678256194e-01
4.578924403385710717e-01
